0 0.5115384615384615 0.29903846153846153 0.08717948717948718 0.07884615384615384
0 0.4782051282051282 0.5653846153846154 0.11282051282051282 0.06153846153846154
0 0.5775641025641025 0.4221153846153846 0.07051282051282051 0.10192307692307692
0 0.7583333333333333 0.7076923076923077 0.12692307692307692 0.30000000000000004
0 0.6807692307692308 0.3211538461538462 0.08205128205128205 0.2730769230769231
0 0.5884615384615385 0.21634615384615385 0.05128205128205128 0.04423076923076923
0 0.5256410256410257 0.16923076923076924 0.038461538461538464 0.026923076923076925
0 0.6352564102564102 0.13942307692307693 0.021794871794871794 0.025
0 0.4737179487179487 0.3807692307692308 0.03205128205128205 0.023076923076923078
0 0.46987179487179487 0.4182692307692308 0.03205128205128205 0.01730769230769231
