0 0.17152466367713004 0.5249169435215947 0.3430493273542601 0.13953488372093023
0 0.7298206278026905 0.6196013289036545 0.23542600896860985 0.17607973421926912
0 0.3576233183856502 0.8488372093023256 0.6928251121076233 0.3023255813953488
0 0.04932735426008968 0.3554817275747508 0.08520179372197309 0.03986710963455149
0 0.05717488789237668 0.38372093023255816 0.10089686098654709 0.036544850498338874
0 0.23094170403587444 0.37209302325581395 0.15695067264573992 0.026578073089700997
0 0.19394618834080718 0.3239202657807309 0.10538116591928251 0.029900332225913623
0 0.04147982062780269 0.31893687707641194 0.06502242152466367 0.026578073089700997
0 0.6928251121076233 0.4850498338870432 0.25112107623318386 0.11295681063122924
0 0.4192825112107623 0.4003322259136213 0.08968609865470852 0.04983388704318937
0 0.9170403587443946 0.5564784053156147 0.16591928251121077 0.2026578073089701
0 0.6165919282511211 0.4036544850498339 0.1210762331838565 0.06312292358803986
