0 0.4475 0.8866666666666667 0.28833333333333333 0.2222222222222222
0 0.5566666666666668 0.48444444444444446 0.07666666666666667 0.07111111111111111
0 0.6591666666666667 0.5911111111111111 0.15166666666666667 0.16444444444444445
0 0.8 0.5222222222222223 0.05666666666666667 0.07111111111111111
0 0.7475 0.36444444444444446 0.18500000000000003 0.09777777777777778
0 0.8266666666666668 0.2722222222222222 0.06333333333333334 0.10888888888888888
0 0.2025 0.42 0.22833333333333336 0.09333333333333334
0 0.2275 0.30777777777777776 0.13166666666666668 0.09111111111111111
0 0.3566666666666667 0.3477777777777778 0.14 0.06
0 0.4675 0.33555555555555555 0.065 0.04
0 0.4666666666666667 0.2677777777777778 0.19 0.06
0 0.1575 0.6444444444444445 0.14833333333333334 0.13777777777777778
0 0.7458333333333333 0.17666666666666667 0.08166666666666667 0.04666666666666667
0 0.7983333333333333 0.12111111111111111 0.030000000000000002 0.024444444444444446
0 0.8733333333333334 0.11 0.060000000000000005 0.028888888888888888
0 0.6475000000000001 0.16444444444444445 0.115 0.04888888888888889
