0 0.05205205205205205 0.5169133192389006 0.07807807807807808 0.1331923890063425
0 0.13713713713713713 0.5063424947145878 0.08208208208208208 0.1416490486257928
0 0.3353353353353353 0.3773784355179704 0.08808808808808809 0.17970401691331925
0 0.44344344344344344 0.5718816067653277 0.11611611611611611 0.11205073995771671
0 0.3533533533533533 0.5930232558139535 0.07807807807807808 0.11627906976744186
0 0.24574574574574573 0.5021141649048626 0.12712712712712712 0.11627906976744186
0 0.058058058058058054 0.27906976744186046 0.03403403403403403 0.054968287526427066
0 0.11811811811811812 0.26215644820295986 0.03403403403403403 0.0718816067653277
0 0.5305305305305306 0.8710359408033826 0.07607607607607608 0.13953488372093023
0 0.6071071071071071 0.9323467230443975 0.06106106106106106 0.08033826638477802
0 0.6606606606606606 0.8488372093023256 0.056056056056056056 0.16279069767441862
0 0.8293293293293293 0.45665961945031713 0.07707707707707707 0.13530655391120508
0 0.9089089089089089 0.8921775898520085 0.05405405405405406 0.09302325581395349
0 0.9814814814814815 0.9196617336152221 0.037037037037037035 0.11839323467230445
0 0.7432432432432432 0.5602536997885835 0.05905905905905906 0.08456659619450317
0 0.37737737737737737 0.9672304439746301 0.03203203203203203 0.06976744186046512
0 0.2902902902902903 0.9841437632135307 0.05405405405405406 0.03594080338266385
0 0.9004004004004004 0.6162790697674418 0.06306306306306306 0.0824524312896406
0 0.7792792792792793 0.8784355179704018 0.02702702702702703 0.06553911205073996
0 0.9244244244244244 0.39217758985200846 0.14314314314314314 0.25158562367864695
