0 0.1875 0.6703703703703704 0.36944444444444446 0.4419753086419753
0 0.7222222222222222 0.5493827160493827 0.21666666666666667 0.18518518518518517
0 0.6298611111111111 0.3765432098765432 0.29305555555555557 0.1308641975308642
0 0.46111111111111114 0.345679012345679 0.13333333333333333 0.11851851851851852
0 0.3354166666666667 0.3172839506172839 0.07916666666666666 0.05185185185185185
0 0.43194444444444446 0.19876543209876543 0.22777777777777777 0.0962962962962963
0 0.6597222222222222 0.25679012345679014 0.1527777777777778 0.05925925925925926
0 0.7284722222222223 0.17901234567901234 0.12638888888888888 0.04197530864197531
0 0.5520833333333334 0.10493827160493827 0.24305555555555555 0.08641975308641975
0 0.6763888888888889 0.9493827160493827 0.11388888888888889 0.10123456790123457
