0 0.37109375 0.6409722222222223 0.19375 0.0763888888888889
0 0.265625 0.7513888888888889 0.09375 0.04166666666666667
0 0.339453125 0.7513888888888889 0.04609375 0.030555555555555558
0 0.38710937500000003 0.8381944444444445 0.10546875 0.059722222222222225
0 0.562890625 0.8333333333333334 0.12734375 0.06944444444444445
0 0.7644531250000001 0.8416666666666667 0.12421875 0.08333333333333334
0 0.59140625 0.7020833333333334 0.1546875 0.08750000000000001
0 0.435546875 0.43125 0.12578125 0.059722222222222225
0 0.558203125 0.4486111111111111 0.07890625000000001 0.036111111111111115
0 0.23593750000000002 0.42291666666666666 0.0625 0.04027777777777778
0 0.46875 0.28541666666666665 0.07968750000000001 0.05416666666666667
0 0.6062500000000001 0.27361111111111114 0.134375 0.0638888888888889
0 0.821484375 0.20694444444444446 0.12578125 0.07222222222222223
0 0.683203125 0.04513888888888889 0.14609375 0.04861111111111111
0 0.73984375 0.12569444444444444 0.07187500000000001 0.0375
0 0.85078125 0.10208333333333333 0.15781250000000002 0.06527777777777778
0 0.9128906250000001 0.05486111111111111 0.11953125 0.043055555555555555
0 0.8113281250000001 0.019444444444444445 0.07734375 0.02777777777777778
0 0.22382812500000002 0.27222222222222225 0.16640625 0.10833333333333334
0 0.80078125 0.55625 0.1203125 0.12083333333333333
0 0.884765625 0.7312500000000001 0.07734375 0.051388888888888894
0 0.70625 0.7069444444444445 0.0765625 0.036111111111111115
0 0.02734375 0.725 0.0546875 0.11388888888888889
0 0.030468750000000003 0.945138888888889 0.05625 0.04861111111111111
0 0.14179687500000002 0.6840277777777778 0.06953125 0.06527777777777778
0 0.07500000000000001 0.09583333333333334 0.0671875 0.044444444444444446
0 0.187890625 0.12847222222222224 0.07578125000000001 0.0375
0 0.22890625 0.09166666666666667 0.05625 0.044444444444444446
0 0.95703125 0.1388888888888889 0.08750000000000001 0.04166666666666667
0 0.037500000000000006 0.1326388888888889 0.0734375 0.04027777777777778
