0 0.3169491525423729 0.7785714285714286 0.6169491525423728 0.3342857142857143
0 0.5347457627118644 0.5857142857142857 0.17796610169491525 0.10285714285714286
0 0.4449152542372881 0.5071428571428571 0.13389830508474576 0.08857142857142856
0 0.5644067796610169 0.44857142857142857 0.06440677966101695 0.06285714285714286
0 0.6050847457627119 0.37 0.10847457627118644 0.03142857142857143
0 0.7254237288135593 0.4 0.13898305084745763 0.05142857142857143
0 0.7957627118644067 0.4442857142857143 0.06949152542372881 0.037142857142857144
0 0.6338983050847458 0.41 0.09152542372881356 0.025714285714285714
0 0.6610169491525424 0.44571428571428573 0.1288135593220339 0.05142857142857143
0 0.7186440677966102 0.8585714285714285 0.11186440677966102 0.07714285714285714
0 0.6050847457627119 0.3385714285714286 0.06440677966101695 0.03142857142857143
