0 0.3830166270783848 0.8226381461675579 0.11282660332541568 0.0659536541889483
0 0.46971496437054633 0.7522281639928698 0.06769596199524941 0.0570409982174688
0 0.5641330166270784 0.5989304812834224 0.06888361045130642 0.0392156862745098
0 0.6751781472684086 0.5944741532976827 0.0819477434679335 0.0374331550802139
0 0.7541567695961996 0.7504456327985739 0.09501187648456058 0.0463458110516934
0 0.8574821852731592 0.8083778966131907 0.08788598574821853 0.0338680926916221
0 0.4477434679334917 0.5944741532976827 0.09026128266033255 0.0374331550802139
0 0.25415676959619954 0.6131907308377896 0.1306413301662708 0.0784313725490196
0 0.19180522565320665 0.48128342245989303 0.04156769596199525 0.0285204991087344
0 0.4251781472684086 0.49732620320855614 0.07363420427553445 0.024955436720142603
0 0.2992874109263658 0.5071301247771836 0.04275534441805226 0.026737967914438502
