0 0.56125 0.8286516853932584 0.1975 0.15917602996254682
0 0.558125 0.5074906367041199 0.16375 0.0898876404494382
0 0.64 0.40636704119850187 0.1375 0.0599250936329588
0 0.395625 0.4288389513108614 0.09375 0.0449438202247191
0 0.11125 0.7612359550561798 0.095 0.09550561797752809
0 0.354375 0.35299625468164797 0.07375 0.03558052434456929
0 0.47000000000000003 0.3389513108614232 0.0575 0.0299625468164794
0 0.5543750000000001 0.32865168539325845 0.04125 0.024344569288389514
0 0.651875 0.3342696629213483 0.09625 0.03558052434456929
0 0.59 0.30243445692883897 0.075 0.031835205992509365
0 0.5543750000000001 0.27715355805243447 0.06625 0.026217228464419477
0 0.604375 0.2406367041198502 0.05625 0.028089887640449437
0 0.45 0.2602996254681648 0.0475 0.026217228464419477
0 0.545 0.18445692883895132 0.0275 0.013108614232209739
