0 0.32542438271604934 0.06714876033057851 0.05208333333333333 0.014462809917355372
0 0.3890817901234568 0.10511363636363637 0.06597222222222222 0.020144628099173556
0 0.24864969135802467 0.12474173553719009 0.05671296296296296 0.014979338842975207
0 0.43113425925925924 0.17303719008264462 0.2210648148148148 0.04132231404958678
0 0.538966049382716 0.20996900826446283 0.08410493827160494 0.021177685950413222
0 0.29224537037037035 0.2141012396694215 0.07600308641975308 0.02324380165289256
0 0.3294753086419753 0.25955578512396693 0.0625 0.02840909090909091
0 0.4239969135802469 0.2915805785123967 0.08333333333333333 0.03254132231404959
0 0.4110725308641975 0.32334710743801653 0.05594135802469136 0.022727272727272728
0 0.46412037037037035 0.3706095041322314 0.05864197530864197 0.029442148760330578
0 0.6946373456790123 0.3137913223140496 0.11844135802469136 0.0625
0 0.8121141975308641 0.4209710743801653 0.08101851851851852 0.04028925619834711
0 0.5165895061728395 0.4746900826446281 0.09645061728395062 0.05991735537190083
0 0.34432870370370366 0.5245351239669421 0.09683641975308642 0.07076446280991736
0 0.7920524691358024 0.5276342975206612 0.11959876543209876 0.06559917355371901
0 0.2787422839506173 0.10924586776859505 0.03279320987654321 0.011880165289256199
