0 0.06038961038961039 0.45381062355658197 0.11298701298701298 0.06697459584295612
0 0.4077922077922078 0.6628175519630485 0.17142857142857143 0.12933025404157045
0 0.4941558441558442 0.5739030023094688 0.09480519480519481 0.07621247113163972
0 0.6785714285714286 0.6685912240184757 0.2064935064935065 0.09468822170900693
0 0.8435064935064935 0.6362586605080831 0.3103896103896104 0.7228637413394919
0 0.6974025974025974 0.8556581986143187 0.16883116883116883 0.21016166281755197
0 0.36493506493506495 0.44110854503464203 0.05974025974025974 0.046189376443418015
0 0.6694805194805195 0.3140877598152425 0.09220779220779221 0.046189376443418015
0 0.6220779220779221 0.3672055427251732 0.06493506493506493 0.046189376443418015
0 0.5746753246753247 0.24942263279445728 0.07922077922077922 0.05542725173210161
0 0.5324675324675324 0.30369515011547343 0.04935064935064935 0.025404157043879907
0 0.7337662337662337 0.43648960739030024 0.046753246753246755 0.05542725173210161
0 0.6207792207792208 0.5381062355658198 0.04935064935064935 0.03695150115473441
