0 0.2542503863987635 0.487603305785124 0.18701700154559506 0.14325068870523416
0 0.23415765069551778 0.7699724517906337 0.4652241112828439 0.4490358126721763
0 0.472952086553323 0.44214876033057854 0.15146831530139104 0.06887052341597796
0 0.5788253477588872 0.3581267217630854 0.04791344667697063 0.03305785123966942
0 0.606646058732612 0.40771349862258954 0.08191653786707882 0.06060606060606061
0 0.6321483771251932 0.4545454545454546 0.04327666151468315 0.03305785123966942
0 0.6136012364760433 0.5179063360881543 0.0865533230293663 0.03305785123966942
0 0.7596599690880989 0.5316804407713499 0.13137557959814528 0.08264462809917356
0 0.8500772797527048 0.6294765840220385 0.15765069551777433 0.10192837465564739
0 0.9574961360123647 0.5316804407713499 0.08809891808346212 0.06060606060606061
0 0.973724884080371 0.6267217630853995 0.05564142194744977 0.0743801652892562
0 0.794435857805255 0.41597796143250687 0.04636785162287481 0.03856749311294766
0 0.7094281298299845 0.35674931129476584 0.0401854714064915 0.030303030303030304
0 0.4026275115919629 0.34710743801652894 0.0571870170015456 0.02203856749311295
