0 0.15984848484848485 0.6458333333333334 0.2833333333333333 0.24722222222222223
0 0.6166666666666667 0.5 0.2787878787878788 0.17222222222222222
0 0.5174242424242425 0.8486111111111111 0.33484848484848484 0.23611111111111113
0 0.7454545454545455 0.7291666666666667 0.3878787878787879 0.275
0 0.7537878787878788 0.2569444444444445 0.04696969696969697 0.04166666666666667
0 0.7878787878787878 0.3194444444444445 0.09393939393939393 0.10555555555555556
0 0.7878787878787878 0.39166666666666666 0.05454545454545454 0.03888888888888889
0 0.8946969696969697 0.2888888888888889 0.02878787878787879 0.03333333333333333
0 0.8689393939393939 0.33611111111111114 0.04090909090909091 0.03888888888888889
0 0.8818181818181818 0.4625 0.08484848484848485 0.04722222222222222
0 0.875 0.638888888888889 0.04696969696969697 0.044444444444444446
0 0.2553030303030303 0.8208333333333334 0.1318181818181818 0.0638888888888889
