0 0.21914893617021278 0.7990384615384616 0.1645390070921986 0.10576923076923078
0 0.19929078014184398 0.3875 0.09361702127659575 0.04807692307692308
0 0.36205673758865253 0.4865384615384616 0.10567375886524824 0.046153846153846156
0 0.5457446808510639 0.6288461538461538 0.11276595744680852 0.06538461538461539
0 0.6049645390070922 0.7971153846153847 0.6581560283687944 0.20961538461538462
0 0.4843971631205674 0.9115384615384616 0.2695035460992908 0.14615384615384616
0 0.49503546099290785 0.3548076923076923 0.09361702127659575 0.032692307692307694
0 0.6209219858156029 0.42307692307692313 0.07446808510638299 0.03461538461538462
0 0.6695035460992909 0.47884615384615387 0.0624113475177305 0.03461538461538462
0 0.723404255319149 0.5269230769230769 0.12056737588652483 0.07692307692307693
0 0.7911347517730497 0.5788461538461539 0.10567375886524824 0.038461538461538464
0 0.8124113475177306 0.7009615384615385 0.08156028368794327 0.04423076923076923
0 0.3280141843971631 0.3894230769230769 0.11560283687943264 0.03653846153846154
0 0.4265957446808511 0.33461538461538465 0.05035460992907802 0.03076923076923077
0 0.549290780141844 0.2778846153846154 0.12411347517730498 0.03653846153846154
0 0.7063829787234043 0.28173076923076923 0.0822695035460993 0.03653846153846154
0 0.32021276595744685 0.6451923076923077 0.07730496453900709 0.032692307692307694
