0 0.7704791344667697 0.7425742574257426 0.26738794435857804 0.23267326732673269
0 0.5842349304482225 0.43316831683168316 0.12982998454404945 0.07920792079207921
0 0.21638330757341576 0.6349009900990099 0.11128284389489954 0.06683168316831684
0 0.03786707882534776 0.625 0.06646058732612055 0.06683168316831684
0 0.16924265842349304 0.5482673267326733 0.11591962905718702 0.05693069306930693
0 0.17542503863987635 0.49876237623762376 0.13137557959814528 0.05198019801980198
0 0.2241112828438949 0.4282178217821782 0.06800618238021638 0.039603960396039604
0 0.26661514683153015 0.36633663366336633 0.06646058732612055 0.04455445544554455
0 0.09428129829984544 0.4405940594059406 0.0865533230293663 0.0594059405940594
0 0.15069551777434312 0.3613861386138614 0.14683153013910355 0.08415841584158416
0 0.030911901081916538 0.3873762376237624 0.05564142194744977 0.06683168316831684
0 0.5633693972179289 0.8688118811881188 0.2704791344667697 0.26732673267326734
0 0.8863987635239567 0.9443069306930694 0.125193199381762 0.11138613861386139
0 0.4428129829984544 0.41336633663366334 0.07573415765069552 0.04455445544554455
0 0.5030911901081916 0.3378712871287129 0.125193199381762 0.06188118811881188
0 0.5463678516228748 0.2995049504950495 0.0633693972179289 0.034653465346534656
0 0.5695517774343122 0.27103960396039606 0.0695517774343122 0.027227722772277228
0 0.5641421947449768 0.24504950495049505 0.04636785162287481 0.034653465346534656
0 0.3176197836166924 0.3193069306930693 0.04482225656877898 0.024752475247524754
