0 0.440688775510204 0.7233560090702948 0.22576530612244897 0.108843537414966
0 0.6868622448979591 0.8004535147392291 0.24872448979591835 0.18594104308390022
0 0.5146683673469388 0.5782312925170068 0.13903061224489796 0.049886621315192746
0 0.2895408163265306 0.6984126984126985 0.15051020408163265 0.1360544217687075
0 0.6983418367346939 0.5317460317460317 0.14668367346938774 0.07936507936507936
0 0.6505102040816326 0.6303854875283447 0.16581632653061223 0.07256235827664399
0 0.8354591836734693 0.6009070294784581 0.11989795918367346 0.09070294784580499
0 0.8405612244897959 0.6689342403628118 0.11224489795918366 0.06802721088435375
0 0.0548469387755102 0.9002267573696145 0.09948979591836733 0.09070294784580499
0 0.2774234693877551 0.5317460317460317 0.1568877551020408 0.06575963718820863
0 0.1211734693877551 0.5770975056689343 0.0586734693877551 0.04308390022675737
0 0.10905612244897958 0.6417233560090703 0.07780612244897958 0.04081632653061225
0 0.180484693877551 0.5975056689342404 0.03443877551020408 0.02947845804988662
0 0.2423469387755102 0.5997732426303855 0.05612244897959183 0.024943310657596373
