0 0.748125 0.5511111111111111 0.50625 0.37333333333333335
0 0.573125 0.82 0.15625 0.13777777777777778
0 0.11812500000000001 0.7588888888888888 0.23125 0.2777777777777778
0 0.174375 0.5633333333333334 0.18875 0.1622222222222222
0 0.240625 0.42333333333333334 0.08125 0.03777777777777778
0 0.3575 0.4388888888888889 0.07 0.03777777777777778
0 0.695625 0.3022222222222222 0.11375 0.06666666666666667
0 0.709375 0.25 0.08625000000000001 0.04666666666666667
0 0.398125 0.37333333333333335 0.07625 0.06222222222222222
0 0.060625 0.45 0.04875 0.024444444444444446
0 0.054375 0.4022222222222222 0.09125 0.05333333333333333
