0 0.115 0.78625 0.115 0.11750000000000001
0 0.0525 0.865 0.0675 0.03
0 0.04625 0.95125 0.08750000000000001 0.08750000000000001
0 0.253125 0.855 0.10875 0.065
0 0.2525 0.7725 0.0825 0.04
0 0.049375 0.63375 0.09625 0.0575
0 0.0975 0.555 0.09 0.07
0 0.14875 0.51625 0.045 0.0225
0 0.17250000000000001 0.48125 0.0425 0.0175
0 0.21625 0.70375 0.08 0.0425
0 0.198125 0.635 0.051250000000000004 0.03
0 0.26625 0.625 0.07 0.03
0 0.29812500000000003 0.6625 0.05375 0.03
0 0.39187500000000003 0.7262500000000001 0.08875 0.0575
0 0.38125000000000003 0.8150000000000001 0.0825 0.04
0 0.589375 0.7875 0.12125 0.07
0 0.5806250000000001 0.8375 0.06625 0.04
0 0.681875 0.9075 0.12625 0.095
0 0.238125 0.59375 0.043750000000000004 0.0275
0 0.268125 0.5725 0.07125000000000001 0.03
0 0.28250000000000003 0.5325 0.065 0.025
0 0.291875 0.50875 0.05375 0.0225
0 0.37375 0.48375 0.075 0.0425
0 0.3975 0.5962500000000001 0.045 0.0275
0 0.39187500000000003 0.62125 0.051250000000000004 0.0225
0 0.473125 0.6225 0.07375 0.035
0 0.5650000000000001 0.59875 0.08 0.0325
0 0.57625 0.6325000000000001 0.0625 0.035
0 0.6575 0.6925 0.11 0.05
0 0.525 0.68625 0.075 0.0325
0 0.885 0.76125 0.1075 0.0825
0 0.96375 0.835 0.0525 0.05
0 0.93875 0.9225 0.1225 0.085
0 0.760625 0.7937500000000001 0.043750000000000004 0.0375
0 0.795 0.63875 0.0975 0.0525
0 0.43875000000000003 0.50875 0.0475 0.0325
0 0.41625 0.55375 0.065 0.0325
0 0.505625 0.51625 0.06625 0.0275
0 0.63375 0.48875 0.0725 0.0325
0 0.641875 0.5475 0.06625 0.03
0 0.6637500000000001 0.59375 0.06 0.0275
0 0.74 0.54625 0.045 0.0425
0 0.76 0.5700000000000001 0.0375 0.025
