0 0.5254166666666668 0.08598726114649682 0.08750000000000001 0.04777070063694268
0 0.48250000000000004 0.1178343949044586 0.07500000000000001 0.04140127388535032
0 0.6062500000000001 0.13296178343949044 0.04916666666666667 0.027070063694267517
0 0.6145833333333334 0.15764331210191085 0.04083333333333333 0.02229299363057325
0 0.53 0.19904458598726116 0.08166666666666667 0.050955414012738856
0 0.6216666666666667 0.22054140127388536 0.028333333333333335 0.052547770700636945
0 0.45708333333333334 0.3280254777070064 0.07916666666666668 0.06687898089171974
0 0.32708333333333334 0.40605095541401276 0.12916666666666668 0.09554140127388536
0 0.21708333333333335 0.5310509554140128 0.07416666666666667 0.07802547770700638
0 0.43583333333333335 0.5055732484076433 0.13166666666666668 0.10031847133757962
0 0.4091666666666667 0.6624203821656052 0.14166666666666666 0.1337579617834395
0 0.5779166666666667 0.39012738853503187 0.05583333333333334 0.04777070063694268
0 0.3929166666666667 0.17914012738853505 0.07250000000000001 0.03662420382165605
