0 0.1453125 0.6427083333333333 0.278125 0.11458333333333333
0 0.4859375 0.7208333333333333 0.17500000000000002 0.07916666666666666
0 0.6492187500000001 0.5697916666666667 0.2515625 0.06875
0 0.8671875 0.6708333333333333 0.1625 0.08333333333333333
0 0.3953125 0.42083333333333334 0.17500000000000002 0.075
0 0.16015625 0.32395833333333335 0.0671875 0.014583333333333334
0 0.37421875000000004 0.3645833333333333 0.1234375 0.029166666666666667
0 0.50390625 0.365625 0.0578125 0.022916666666666665
0 0.8984375 0.459375 0.10625000000000001 0.04791666666666666
0 0.48046875 0.334375 0.0671875 0.014583333333333334
