0 0.4305054151624549 0.46511627906976744 0.0776173285198556 0.038492381716118684
0 0.3510830324909747 0.43504410585404973 0.10770156438026475 0.09061748195669607
0 0.31618531889290014 0.3941459502806736 0.07641395908543923 0.03127506014434643
0 0.28309265944645007 0.3500400962309543 0.03429602888086643 0.023255813953488372
0 0.4076413959085439 0.3380112269446672 0.0812274368231047 0.02165196471531676
0 0.4557761732851986 0.3624699278267843 0.043922984356197355 0.01603849238171612
0 0.5869434416365824 0.4418604651162791 0.22442839951865223 0.12830793905372895
0 0.8929001203369434 0.6756214915797915 0.09987966305655836 0.0809943865276664
0 0.4831528279181709 0.5549318364073776 0.32370637785800244 0.12991178829190056
0 0.35348977135980747 0.3416198877305533 0.01865222623345367 0.006415396952686447
