0 0.2295427196149218 0.43544506816359263 0.07160048134777378 0.03688853247794707
0 0.21660649819494585 0.49438652766639934 0.05896510228640193 0.034482758620689655
0 0.3661251504211793 0.603448275862069 0.3038507821901324 0.23496391339214112
0 0.3020457280385078 0.45629510825982356 0.049338146811071 0.01764234161988773
0 0.34687123947051746 0.471130713712911 0.06438026474127558 0.024859663191659984
0 0.32611311672683513 0.43905372894947875 0.03850782190132371 0.0136327185244587
0 0.6338748495788207 0.4358460304731355 0.06558363417569193 0.02165196471531676
0 0.5385078219013237 0.4117882919005613 0.13357400722021662 0.04570970328789094
0 0.5036101083032491 0.4242181234963913 0.036101083032490974 0.01603849238171612
0 0.4617930204572804 0.4294306335204491 0.04271961492178099 0.016840417000801924
0 0.5794223826714802 0.5457097032878909 0.5788206979542719 0.29591018444266237
0 0.3231046931407942 0.3821170809943865 0.04693140794223827 0.02967121090617482
