0 0.0835 0.47720797720797725 0.091 0.045584045584045586
0 0.17725 0.5089031339031339 0.0895 0.0462962962962963
0 0.26925 0.5982905982905983 0.20450000000000002 0.08262108262108263
0 0.4215 0.5819088319088319 0.062 0.05128205128205129
0 0.24825 0.44871794871794873 0.0645 0.022792022792022793
0 0.362 0.4497863247863248 0.134 0.04344729344729345
0 0.42075 0.48433048433048437 0.0475 0.019943019943019943
0 0.23450000000000001 0.40562678062678065 0.046 0.023504273504273504
0 0.29625 0.40206552706552706 0.0405 0.019230769230769232
0 0.24775 0.32905982905982906 0.0465 0.01566951566951567
0 0.35325 0.3418803418803419 0.0475 0.017094017094017096
0 0.3935 0.280982905982906 0.023 0.00925925925925926
0 0.18125 0.2745726495726496 0.0575 0.013532763532763533
0 0.3725 0.26424501424501423 0.049 0.01851851851851852
0 0.397 0.25071225071225073 0.017 0.009971509971509971
0 0.307 0.2589031339031339 0.036000000000000004 0.01210826210826211
0 0.5347500000000001 0.31196581196581197 0.043500000000000004 0.017094017094017096
0 0.6665 0.3920940170940171 0.048 0.020655270655270657
0 0.70175 0.4223646723646724 0.0675 0.027065527065527065
0 0.7505000000000001 0.3632478632478633 0.065 0.021367521367521368
0 0.748 0.50997150997151 0.074 0.03418803418803419
0 0.6980000000000001 0.49002849002849 0.054 0.03133903133903134
0 0.57525 0.3557692307692308 0.035500000000000004 0.03774928774928775
0 0.28575 0.5117521367521368 0.043500000000000004 0.022079772079772082
0 0.447 0.30840455840455844 0.038 0.012820512820512822
0 0.65825 0.3668091168091168 0.0265 0.01566951566951567
