0 0.23708333333333334 0.43277777777777776 0.14083333333333334 0.09444444444444444
0 0.3458333333333334 0.3427777777777778 0.12166666666666667 0.06333333333333334
0 0.07166666666666667 0.35333333333333333 0.13833333333333334 0.07333333333333333
0 0.32583333333333336 0.16111111111111112 0.11666666666666667 0.03777777777777778
0 0.38208333333333333 0.20166666666666666 0.11416666666666668 0.03666666666666667
0 0.5991666666666667 0.295 0.545 0.16777777777777778
0 0.7954166666666668 0.4716666666666667 0.09250000000000001 0.07666666666666666
0 0.42083333333333334 0.4872222222222222 0.12833333333333335 0.1388888888888889
0 0.85875 0.8316666666666667 0.08750000000000001 0.14555555555555555
0 0.8445833333333334 0.68 0.07416666666666667 0.06444444444444444
0 0.50875 0.14888888888888888 0.16583333333333333 0.07333333333333333
0 0.6483333333333334 0.07333333333333333 0.135 0.03777777777777778
0 0.8029166666666667 0.1411111111111111 0.0825 0.042222222222222223
0 0.08166666666666667 0.7927777777777778 0.16 0.29
