     0/499     7.76G       8.3        42         0      50.3        10       512         0         0  0.000457         0      7.47       3.4         0
     1/499     7.04G       6.9      4.43         0      11.3         8       512         0         0  0.000414         0      6.38      4.51         0
     2/499     7.28G      5.83      5.88         0      11.7        48       512         0         0   0.00626         0      5.52      4.83         0
     3/499     7.28G      5.01      5.41         0      10.4        18       512         1    0.0013    0.0825    0.0026      4.97      3.95         0
     4/499     7.28G       4.4      4.54         0      8.94        16       512     0.321     0.157     0.133     0.211       4.5       2.6         0
     5/499     7.28G      3.95      3.04         0      6.98         3       512     0.238     0.408     0.197     0.301      4.56      2.89         0
     6/499     7.28G      4.42      2.48         0       6.9        11       512     0.193     0.513     0.205      0.28      4.67      1.92         0
     7/499     7.28G         4      1.72         0      5.72        26       512     0.243     0.616     0.361     0.348      4.03      1.93         0
     8/499     7.28G      3.77      1.68         0      5.45         7       512     0.308      0.68     0.469     0.424      4.22      1.42         0
     9/499     7.28G       3.7      1.55         0      5.25        20       512     0.328     0.676     0.406     0.442       3.6      1.35         0
    10/499     7.28G      3.57      1.36         0      4.93         5       512     0.435     0.684     0.576     0.531      3.64      1.15         0
    11/499     7.28G      3.76       1.4         0      5.15        15       512    0.0808     0.546    0.0647     0.141      3.66      6.48         0
    12/499     7.28G      3.46      1.33         0      4.79         3       512     0.365     0.424     0.267     0.393      4.34      1.98         0
    13/499     7.28G      3.66       1.2         0      4.86        12       512     0.511     0.629     0.569     0.564      3.56      1.16         0
    14/499     7.28G       3.5      1.21         0      4.71         7       512     0.663     0.637     0.648     0.649      3.02      1.01         0
    15/499     7.28G      3.37      1.14         0      4.51         9       512     0.641     0.644     0.595     0.642      3.02     0.989         0
    16/499     7.28G      3.32       1.1         0      4.42        12       512     0.711     0.624     0.679     0.665         3     0.975         0
    17/499     7.28G      3.32      1.17         0      4.49        15       512     0.791     0.574     0.704     0.665      3.07     0.931         0
    18/499     7.28G      3.11      1.09         0       4.2         3       512     0.656     0.583     0.658     0.618      3.22     0.914         0
    19/499     7.28G      3.29      1.06         0      4.36         3       512     0.754     0.559     0.668     0.642       3.3     0.879         0
    20/499     7.28G      3.29      1.22         0      4.51        15       512      0.62     0.486     0.485     0.545      3.41      1.31         0
    21/499     7.28G      3.28      1.02         0       4.3         7       512      0.63     0.556     0.582     0.591      3.17      1.14         0
    22/499     7.28G      2.85      1.12         0      3.97         3       512     0.709     0.669      0.72     0.689      2.79     0.882         0
    23/499     7.28G      3.13      1.06         0      4.19        16       512     0.693     0.686      0.72     0.689      3.52      0.84         0
    24/499     7.28G      3.06      1.12         0      4.17        26       512     0.804     0.634     0.785     0.709      2.61     0.846         0
    25/499     7.28G      2.96       1.1         0      4.06        15       512     0.752     0.651      0.75     0.698         3     0.797         0
    26/499     7.28G      2.88      1.03         0      3.91         6       512     0.815     0.671     0.791     0.736       2.7     0.847         0
    27/499     7.28G      2.77      1.06         0      3.83        17       512     0.881     0.629     0.798     0.734      2.61     0.812         0
    28/499     7.28G      2.81         1         0      3.81         5       512     0.851     0.612     0.772     0.712      2.99     0.848         0
    29/499     7.28G      2.82      1.02         0      3.84        12       512     0.778     0.751     0.795     0.764       2.5     0.791         0
    30/499     7.28G      2.75     0.978         0      3.72         2       512     0.727     0.778     0.774     0.752      2.84     0.758         0
    31/499     7.28G      2.65     0.984         0      3.64         9       512     0.699     0.794     0.798     0.744      2.53     0.712         0
    32/499     7.28G      2.53     0.909         0      3.44         5       512     0.849     0.641     0.793      0.73      2.68     0.745         0
    33/499     7.28G      2.51      1.01         0      3.52        10       512     0.835       0.6     0.754     0.698      2.48     0.917         0
    34/499     7.28G      2.55     0.991         0      3.54        12       512     0.762     0.807     0.833     0.784      2.46     0.688         0
    35/499     7.28G      2.57     0.911         0      3.48        19       512     0.751     0.787     0.812     0.769      2.33     0.674         0
    36/499     7.28G      2.55      0.93         0      3.48         8       512     0.869     0.669     0.825     0.756      2.39     0.687         0
    37/499     7.28G      2.49     0.927         0      3.42        20       512     0.854      0.73     0.847     0.787      2.41     0.697         0
    38/499     7.28G       2.4     0.886         0      3.29         6       512     0.873     0.755     0.871      0.81      2.21     0.708         0
    39/499     7.28G      2.41     0.837         0      3.24         9       512     0.915     0.694     0.844     0.789      2.27     0.783         0
    40/499     7.28G      2.41      0.92         0      3.33         5       512     0.903     0.736     0.855     0.811      2.46      0.72         0
    41/499     7.28G      2.37     0.869         0      3.23        16       512     0.862      0.76     0.851     0.808      2.34     0.731         0
    42/499     7.28G       2.4     0.849         0      3.25        10       512     0.844     0.762     0.856     0.801      2.22     0.702         0
    43/499     7.28G      2.33     0.823         0      3.15        47       512     0.834     0.749     0.826     0.789      2.24     0.714         0
    44/499     7.28G      2.17      0.85         0      3.02        11       512     0.866     0.777     0.864     0.819      2.41     0.689         0
    45/499     7.28G      2.24     0.878         0      3.12        20       512      0.82     0.809     0.873     0.815      2.02     0.665         0
    46/499     7.28G      2.16     0.781         0      2.94        10       512     0.806      0.85     0.883     0.827      2.11     0.644         0
    47/499     7.28G      2.23     0.854         0      3.09        10       512     0.868     0.764     0.872     0.813      1.99     0.647         0
    48/499     7.28G      2.21     0.766         0      2.98         5       512     0.827     0.742     0.835     0.782      2.14     0.653         0
    49/499     7.28G      2.16     0.762         0      2.92        16       512      0.86     0.771     0.873     0.813      2.28     0.621         0
    50/499     7.28G      2.12     0.761         0      2.89        20       512     0.893     0.719     0.873     0.797      1.89     0.593         0
    51/499     7.28G      2.03      0.82         0      2.85         6       512     0.856     0.781     0.877     0.817      1.89     0.583         0
    52/499     7.28G      1.98     0.663         0      2.64         5       512     0.879     0.792     0.893     0.833      1.94     0.599         0
    53/499     7.28G      2.06     0.726         0      2.79         7       512      0.94     0.736     0.893     0.825      1.87     0.642         0
    54/499     7.28G      2.06     0.777         0      2.84         9       512     0.907     0.777     0.904     0.837       1.9      0.61         0
    55/499     7.28G      2.09     0.751         0      2.84         7       512      0.86     0.819     0.902     0.839      1.83     0.603         0
    56/499     7.28G         2     0.761         0      2.76        27       512      0.91     0.801     0.907     0.852      1.97     0.599         0
    57/499     7.28G      2.06       0.7         0      2.76        27       512     0.901     0.767     0.894     0.829      1.89      0.59         0
    58/499     7.28G      2.04     0.775         0      2.82        25       512     0.916     0.769     0.902     0.836      1.73     0.581         0
    59/499     7.28G      1.97     0.686         0      2.65        10       512     0.882     0.815     0.901     0.847      1.88     0.593         0
    60/499     7.28G      2.07     0.717         0      2.78        19       512     0.757     0.865     0.865     0.807      1.97     0.605         0
    61/499     7.28G      1.98     0.673         0      2.65         6       512     0.874     0.787     0.891     0.828       1.8     0.572         0
    62/499     7.28G      1.91     0.642         0      2.55         8       512     0.913     0.736     0.891     0.815      1.76     0.568         0
    63/499     7.28G      1.81     0.706         0      2.52         6       512     0.874     0.802      0.89     0.837      1.68     0.557         0
    64/499     7.28G      1.89     0.731         0      2.62        33       512     0.867     0.813     0.899     0.839      1.69     0.549         0
    65/499     7.28G      2.03     0.718         0      2.75         5       512     0.922     0.699     0.886     0.795      1.69     0.567         0
    66/499     7.28G      1.91     0.742         0      2.65        17       512     0.907      0.75     0.891     0.821      1.78     0.542         0
    67/499     7.28G      1.93     0.717         0      2.65        12       512     0.901      0.82     0.911     0.859      1.61      0.54         0
    68/499     7.28G      1.97     0.643         0      2.61        10       512     0.856     0.848     0.904     0.852      1.87     0.539         0
    69/499     7.28G      1.88     0.687         0      2.57         8       512     0.908     0.807     0.908     0.854      1.63     0.533         0
    70/499     7.28G      1.91     0.704         0      2.62        16       512     0.945     0.762     0.898     0.844      1.72     0.543         0
    71/499     7.28G      1.83     0.672         0       2.5        12       512     0.904     0.806     0.908     0.852      1.62     0.522         0
    72/499     7.28G      1.74     0.657         0      2.39         9       512     0.874     0.842     0.915     0.858       1.6     0.504         0
    73/499     7.28G      1.85     0.682         0      2.54        15       512     0.891     0.812     0.912      0.85      1.66     0.511         0
    74/499     7.28G      1.77     0.681         0      2.45        14       512     0.932     0.746     0.905     0.829      1.48     0.519         0
    75/499     7.28G      1.72     0.678         0       2.4         9       512     0.901     0.792     0.913     0.843      1.54     0.508         0
    76/499     7.28G      1.71     0.607         0      2.32        18       512     0.894     0.836     0.922     0.864      1.63     0.503         0
    77/499     7.28G      1.78     0.644         0      2.43        19       512      0.89     0.865      0.93     0.877      1.62     0.504         0
    78/499     7.28G      1.77     0.721         0      2.49        10       512     0.883     0.874     0.931     0.879       1.6     0.502         0
    79/499     7.28G      1.83     0.634         0      2.47         7       512     0.894     0.845     0.929     0.869       1.6     0.535         0
    80/499     7.28G      1.82      0.68         0       2.5        13       512     0.926     0.844     0.934     0.883       1.5     0.505         0
    81/499     7.28G      1.81     0.709         0      2.52        16       512     0.899     0.859     0.931     0.879      1.55     0.504         0
    82/499     7.28G      1.76     0.659         0      2.42         6       512     0.879     0.852     0.922     0.865      1.45       0.5         0
    83/499     7.28G       1.7     0.572         0      2.27         6       512     0.904     0.824     0.921     0.862      1.59     0.496         0
    84/499     7.28G      1.68     0.631         0      2.31         7       512       0.9     0.829     0.924     0.863      1.44     0.509         0
    85/499     7.28G      1.73     0.682         0      2.41        23       512     0.915     0.801     0.924     0.854      1.53     0.526         0
    86/499     7.28G      1.67      0.61         0      2.28         8       512     0.906     0.815     0.926     0.858      1.54     0.546         0
    87/499     7.28G       1.6     0.573         0      2.18         3       512     0.924     0.836      0.94     0.878       1.4     0.492         0
    88/499     7.28G      1.72     0.586         0       2.3         7       512     0.903     0.827      0.93     0.863      1.63      0.48         0
    89/499     7.28G      1.67     0.603         0      2.27        10       512     0.919     0.822      0.93     0.867      1.51     0.492         0
    90/499     7.28G      1.69     0.652         0      2.34        19       512     0.873     0.866     0.935     0.869      1.46     0.493         0
    91/499     7.28G      1.63     0.666         0      2.29        20       512     0.891     0.874     0.945     0.882      1.43     0.487         0
    92/499     7.28G      1.66     0.627         0      2.28         7       512     0.884     0.887     0.942     0.885      1.42     0.487         0
    93/499     7.28G      1.55     0.583         0      2.14         7       512     0.893      0.87     0.934     0.881      1.28     0.471         0
    94/499     7.28G      1.67     0.637         0      2.31         6       512     0.922     0.826      0.93     0.871      1.37      0.51         0
    95/499     7.28G      1.68      0.64         0      2.32        16       512     0.877     0.882     0.935     0.879      1.49     0.483         0
    96/499     7.28G      1.69     0.621         0      2.31        13       512     0.849     0.897     0.925     0.873      1.35     0.464         0
    97/499     7.28G      1.58     0.599         0      2.18        12       512     0.876     0.867     0.931     0.871      1.37     0.478         0
    98/499     7.28G      1.66     0.576         0      2.23         7       512     0.918     0.839     0.935     0.877      1.27     0.486         0
    99/499     7.28G      1.45     0.586         0      2.04         4       512     0.916     0.862     0.941     0.888      1.29     0.486         0
   100/499     7.28G      1.49     0.585         0      2.08         5       512       0.9     0.875     0.932     0.888      1.33     0.501         0
   101/499     7.28G      1.45     0.546         0         2         6       512     0.893      0.88     0.936     0.886      1.29     0.481         0
   102/499     7.28G      1.55     0.592         0      2.14        12       512     0.874     0.891     0.937     0.882      1.36      0.48         0
   103/499     7.28G      1.55     0.547         0       2.1        12       512     0.882     0.904      0.94     0.893      1.37     0.493         0
   104/499     7.28G      1.57     0.605         0      2.17        39       512     0.886     0.888      0.94     0.887      1.41     0.472         0
   105/499     7.28G      1.48     0.595         0      2.07         6       512     0.899      0.87     0.933     0.884      1.39     0.465         0
   106/499     7.28G      1.41      0.58         0      1.99         5       512     0.915     0.863     0.944     0.888      1.34      0.44         0
   107/499     7.28G      1.55     0.574         0      2.12         7       512     0.901     0.864     0.939     0.882      1.35     0.443         0
   108/499     7.28G      1.55     0.606         0      2.15         6       512     0.925     0.873     0.949     0.899      1.37     0.451         0
   109/499     7.28G      1.57     0.593         0      2.17        14       512     0.911     0.867     0.947     0.888       1.3     0.478         0
   110/499     7.28G      1.42     0.566         0      1.98         5       512     0.882     0.883     0.941     0.882       1.3     0.471         0
   111/499     7.28G      1.51     0.557         0      2.06        12       512     0.903     0.874     0.939     0.888      1.32     0.483         0
   112/499     7.28G      1.56     0.553         0      2.11        25       512     0.928     0.866     0.949     0.896      1.34     0.498         0
   113/499     7.28G      1.44      0.57         0      2.01        13       512     0.913     0.885     0.953     0.898      1.25     0.479         0
   114/499     7.28G       1.5     0.553         0      2.05         4       512     0.906     0.902     0.952     0.904      1.27     0.474         0
   115/499     7.28G      1.53     0.556         0      2.09        10       512     0.909     0.902     0.955     0.906      1.31     0.485         0
   116/499     7.28G      1.53     0.549         0      2.08        13       512      0.92     0.888     0.957     0.904      1.29     0.472         0
   117/499     7.28G      1.48     0.594         0      2.07        10       512     0.902     0.902     0.959     0.902      1.27     0.473         0
   118/499     7.28G       1.4     0.571         0      1.97        56       512     0.906     0.901     0.956     0.904      1.29     0.442         0
   119/499     7.28G      1.49      0.57         0      2.06        22       512      0.88     0.911     0.951     0.896      1.23     0.462         0
   120/499     7.28G       1.5     0.677         0      2.18        10       512     0.919     0.875     0.948     0.897      1.27     0.457         0
   121/499     7.28G      1.44     0.504         0      1.95         3       512     0.911     0.891     0.958     0.901      1.24     0.429         0
   122/499     7.28G      1.36     0.543         0      1.91        12       512     0.878     0.924     0.959       0.9      1.15     0.425         0
   123/499     7.28G      1.47     0.543         0      2.01         6       512     0.888     0.913     0.955       0.9      1.27     0.439         0
   124/499     7.28G      1.48     0.553         0      2.04         9       512     0.912     0.891     0.954     0.901      1.29     0.454         0
   125/499     7.28G      1.55     0.555         0       2.1        12       512     0.932     0.881     0.948     0.906      1.22     0.439         0
   126/499     7.28G      1.45     0.526         0      1.98         7       512     0.931      0.89     0.952      0.91      1.21     0.436         0
   127/499     7.28G      1.38     0.542         0      1.93         4       512     0.912     0.909     0.953      0.91      1.16     0.435         0
   128/499     7.28G      1.37     0.565         0      1.93         8       512     0.892      0.91     0.954     0.901      1.19     0.449         0
   129/499     7.28G      1.38     0.524         0       1.9        18       512     0.895      0.91     0.957     0.903      1.18      0.44         0
   130/499     7.28G      1.37     0.507         0      1.87        13       512     0.915      0.87     0.953     0.892      1.12     0.449         0
   131/499     7.28G      1.43     0.608         0      2.04        28       512      0.91     0.894     0.954     0.902      1.14     0.446         0
   132/499     7.28G      1.43     0.558         0      1.99        15       512     0.918     0.907      0.96     0.912       1.2     0.443         0
   133/499     7.28G      1.36     0.516         0      1.87         8       512     0.924     0.898      0.96     0.911      1.13     0.423         0
   134/499     7.28G      1.34     0.507         0      1.85         6       512     0.921     0.892      0.96     0.906      1.12     0.424         0
   135/499     7.28G      1.34     0.512         0      1.85         4       512      0.94     0.889      0.96     0.914      1.15     0.427         0
   136/499     7.28G      1.41     0.526         0      1.93         6       512     0.699     0.873     0.869     0.776      1.29     0.429         0
   137/499     7.28G      1.45     0.489         0      1.94         8       512     0.823     0.913     0.942     0.866      1.18     0.407         0
   138/499     7.28G      1.39     0.527         0      1.91        11       512     0.859     0.928      0.95     0.892      1.27     0.426         0
   139/499     7.28G      1.45     0.588         0      2.03         7       512     0.877     0.919     0.954     0.897      1.16     0.416         0
   140/499     7.28G      1.48     0.539         0      2.02         4       512     0.905     0.896     0.951       0.9       1.2     0.415         0
   141/499     7.28G      1.37     0.502         0      1.87        14       512     0.916     0.906     0.954     0.911      1.23     0.402         0
   142/499     7.28G      1.31     0.546         0      1.86         8       512     0.913     0.902     0.957     0.907       1.1     0.383         0
   143/499     7.28G      1.41     0.508         0      1.92         6       512     0.913     0.892     0.954     0.903      1.14     0.389         0
   144/499     7.28G      1.39     0.531         0      1.92        12       512     0.917       0.9     0.957     0.908      1.19     0.412         0
   145/499     7.28G      1.32     0.547         0      1.87        25       512     0.898     0.922      0.96      0.91      1.08     0.393         0
   146/499     7.28G      1.33     0.623         0      1.96        55       512     0.923     0.913     0.959     0.918      1.13     0.405         0
   147/499     7.28G       1.3     0.516         0      1.82         4       512     0.868     0.923     0.954     0.894      1.13     0.431         0
   148/499     7.28G       1.3     0.547         0      1.85         7       512     0.907     0.893     0.953       0.9      1.12     0.406         0
   149/499     7.28G      1.23     0.564         0      1.79        13       512     0.899     0.902     0.959     0.901      1.05     0.396         0
   150/499     7.28G      1.28     0.548         0      1.83        32       512       0.9     0.903     0.958     0.902      1.16      0.42         0
   151/499     7.28G      1.36     0.539         0       1.9         5       512     0.922     0.898     0.961      0.91      1.08     0.416         0
   152/499     7.28G      1.38     0.546         0      1.92        15       512     0.943     0.845     0.957     0.891      1.16     0.433         0
   153/499     7.28G      1.31     0.494         0       1.8        17       512     0.922     0.867     0.956     0.894      1.09     0.428         0
   154/499     7.28G      1.27     0.521         0       1.8         7       512     0.905     0.903     0.954     0.904      1.09     0.425         0
   155/499     7.28G      1.23      0.46         0      1.69         4       512     0.908     0.902     0.958     0.905      1.11     0.411         0
   156/499     7.28G      1.26     0.554         0      1.81        15       512     0.903     0.918     0.961      0.91      1.04     0.391         0
   157/499     7.28G      1.28     0.476         0      1.76         7       512     0.901     0.915     0.963     0.908      1.09     0.388         0
   158/499     7.28G      1.28     0.518         0       1.8        14       512     0.868     0.926     0.956     0.896      1.11     0.396         0
   159/499     7.28G      1.28     0.521         0       1.8         5       512     0.869     0.934     0.961       0.9      1.07     0.402         0
   160/499     7.28G      1.26     0.494         0      1.76         6       512     0.901     0.923     0.963     0.912      1.05     0.387         0
   161/499     7.28G       1.2     0.479         0      1.68        10       512     0.924     0.921     0.967     0.923      1.03     0.388         0
   162/499     7.28G      1.28     0.445         0      1.72         4       512     0.935      0.91     0.965     0.922      1.06     0.402         0
   163/499     7.28G      1.25     0.496         0      1.75        28       512     0.929     0.904     0.969     0.916      1.07     0.401         0
   164/499     7.28G      1.17     0.494         0      1.67         9       512     0.932     0.917      0.97     0.924      1.15     0.407         0
   165/499     7.28G      1.28     0.533         0      1.81        16       512     0.891     0.944     0.965     0.917       1.1     0.394         0
   166/499     7.28G      1.17     0.496         0      1.67        29       512     0.895     0.939     0.962     0.916      1.08       0.4         0
   167/499     7.28G       1.2     0.475         0      1.67        11       512     0.908     0.936     0.963     0.922      1.02     0.396         0
   168/499     7.28G      1.21     0.458         0      1.67         8       512     0.928     0.919     0.966     0.923      1.03     0.391         0
   169/499     7.28G      1.25     0.475         0      1.73         5       512     0.948      0.91     0.969     0.929      1.05     0.377         0
   170/499     7.28G      1.21     0.468         0      1.68        10       512     0.939     0.904     0.967     0.921      1.02     0.373         0
   171/499     7.28G      1.16     0.459         0      1.61        13       512     0.938     0.902     0.965      0.92     0.996     0.383         0
   172/499     7.28G      1.14      0.45         0      1.59         6       512     0.939     0.927     0.969     0.933      1.02     0.365         0
   173/499     7.28G      1.23     0.477         0       1.7        22       512     0.944     0.926     0.972     0.935      1.03     0.367         0
   174/499     7.28G      1.22     0.477         0      1.69         4       512     0.942     0.926     0.971     0.934      1.03     0.369         0
   175/499     7.28G      1.14     0.446         0      1.59         5       512     0.943     0.918     0.967      0.93      1.03     0.378         0
   176/499     7.28G      1.15     0.435         0      1.58         7       512     0.951     0.906      0.97     0.928     0.983      0.38         0
   177/499     7.28G      1.15      0.45         0      1.61        27       512     0.936     0.928     0.969     0.932     0.977     0.379         0
   178/499     7.28G      1.18     0.445         0      1.62         7       512     0.928     0.929     0.968     0.929      1.01     0.375         0
   179/499     7.28G      1.14     0.437         0      1.58        10       512     0.913     0.916     0.956     0.915      1.01     0.387         0
   180/499     7.28G      1.07     0.486         0      1.55         3       512     0.941     0.888     0.959     0.913      1.03     0.385         0
   181/499     7.28G      1.18     0.475         0      1.66        10       512     0.939     0.922     0.967      0.93         1     0.383         0
   182/499     7.28G      1.21      0.43         0      1.64         5       512     0.929     0.931     0.966      0.93      1.01     0.363         0
   183/499     7.28G      1.18     0.425         0       1.6        19       512     0.943     0.902     0.964     0.922      1.04     0.363         0
   184/499     7.28G      1.18     0.468         0      1.65        21       512     0.927     0.927      0.97     0.927     0.987     0.343         0
   185/499     7.28G      1.14     0.448         0      1.59         4       512     0.924      0.94     0.973     0.932     0.963     0.351         0
   186/499     7.28G      1.13     0.462         0      1.59         7       512     0.945     0.927      0.97     0.936     0.973      0.35         0
   187/499     7.28G      1.19     0.449         0      1.63         3       512     0.954     0.895     0.969     0.924         1     0.368         0
   188/499     7.28G      1.09     0.464         0      1.56         4       512     0.928     0.908     0.963     0.918      1.13     0.383         0
   189/499     7.28G      1.25     0.526         0      1.77        35       512     0.916     0.915     0.959     0.916      1.06     0.396         0
   190/499     7.28G      1.16     0.479         0      1.64         6       512     0.898     0.931     0.965     0.914       1.1     0.399         0
   191/499     7.28G      1.11     0.435         0      1.54         4       512      0.89     0.928     0.964     0.909      1.02     0.371         0
   192/499     7.28G      1.14     0.511         0      1.65         4       512     0.887     0.927      0.96     0.906      1.03      0.36         0
   193/499     7.28G      1.12     0.455         0      1.58         7       512     0.901     0.924     0.966     0.913     0.989     0.353         0
   194/499     7.28G      1.09     0.421         0      1.51        20       512     0.919     0.941     0.976      0.93     0.946     0.345         0
   195/499     7.28G      1.14     0.466         0      1.61        19       512     0.919     0.936      0.97     0.927     0.998     0.358         0
   196/499     7.28G      1.14     0.442         0      1.59         8       512     0.929     0.917     0.969     0.923     0.973      0.37         0
   197/499     7.28G      1.07     0.435         0      1.51        11       512     0.925     0.914     0.967     0.919     0.967     0.362         0
   198/499     7.28G      1.09     0.449         0      1.54        20       512      0.92     0.925     0.967     0.923     0.982     0.358         0
   199/499     7.28G      1.08     0.418         0       1.5         5       512     0.926     0.924     0.967     0.925     0.935     0.344         0
   200/499     7.28G      1.11      0.43         0      1.54        10       512      0.93     0.909     0.964     0.919     0.959      0.35         0
   201/499     7.28G      1.15     0.448         0      1.59        22       512     0.939       0.9     0.967     0.919     0.953     0.355         0
   202/499     7.28G      1.11     0.438         0      1.54        18       512     0.919     0.917     0.973     0.918     0.951      0.34         0
   203/499     7.28G      1.07     0.467         0      1.54         9       512     0.916     0.927     0.971     0.922     0.897      0.34         0
   204/499     7.28G      1.01     0.462         0      1.47         4       512     0.912     0.936     0.976     0.924     0.951     0.334         0
   205/499     7.28G      1.08      0.42         0       1.5        16       512     0.925      0.93     0.972     0.927      0.95     0.333         0
   206/499     7.28G      1.06     0.425         0      1.48         9       512     0.939     0.928     0.971     0.933     0.886      0.33         0
   207/499     7.28G      1.06     0.431         0      1.49        11       512     0.936     0.935     0.976     0.935     0.888     0.329         0
   208/499     7.28G      1.06     0.409         0      1.47         4       512      0.92     0.936     0.975     0.928     0.963     0.329         0
   209/499     7.28G      1.14     0.404         0      1.54         7       512     0.934     0.923     0.971     0.928      0.93     0.325         0
   210/499     7.28G      1.04     0.434         0      1.48        12       512     0.925     0.926     0.974     0.925       0.9     0.319         0
   211/499     7.28G      1.08     0.444         0      1.53        14       512     0.924     0.929     0.974     0.926     0.903     0.315         0
   212/499     7.28G      1.04      0.39         0      1.43         6       512     0.936     0.913     0.971     0.924     0.882      0.32         0
   213/499     7.28G     0.976      0.43         0      1.41        10       512     0.926     0.943     0.972     0.934     0.872     0.329         0
   214/499     7.28G      1.03     0.373         0       1.4         6       512     0.931     0.942     0.974     0.936     0.878     0.325         0
   215/499     7.28G      1.01     0.399         0      1.41         7       512     0.926     0.941     0.973     0.934     0.856     0.325         0
   216/499     7.28G         1     0.425         0      1.43         9       512     0.917     0.951     0.969     0.933     0.847     0.329         0
   217/499     7.28G      1.04      0.39         0      1.43        25       512     0.927     0.948      0.97     0.937     0.858     0.331         0
   218/499     7.28G      1.01     0.394         0      1.41        10       512     0.937     0.935      0.97     0.936     0.857     0.332         0
   219/499     7.28G      1.04     0.388         0      1.43        18       512     0.932     0.941     0.972     0.936       0.9     0.322         0
   220/499     7.28G      1.01     0.397         0      1.41         3       512     0.924     0.949     0.973     0.936     0.948     0.327         0
   221/499     7.28G      1.07     0.425         0      1.49        14       512     0.919     0.949     0.971     0.934      0.88     0.319         0
   222/499     7.28G      1.05     0.398         0      1.44         3       512     0.937     0.934     0.971     0.935     0.907     0.322         0
   223/499     7.28G     0.998     0.425         0      1.42        17       512     0.932     0.943     0.972     0.937     0.919     0.325         0
   224/499     7.28G     0.987     0.378         0      1.36        15       512     0.916     0.952     0.975     0.934     0.852     0.315         0
   225/499     7.28G     0.986     0.386         0      1.37        18       512     0.937     0.938     0.975     0.937     0.861      0.31         0
   226/499     7.28G     0.966     0.361         0      1.33        12       512     0.944     0.936     0.974      0.94     0.846     0.316         0
   227/499     7.28G      0.95     0.396         0      1.35         4       512     0.946      0.94     0.978     0.943     0.881     0.314         0
   228/499     7.28G      1.01     0.412         0      1.42         8       512     0.938     0.942     0.975      0.94     0.837       0.3         0
   229/499     7.28G     0.942     0.417         0      1.36         9       512      0.94     0.946     0.976     0.943     0.851       0.3         0
   230/499     7.28G      1.04     0.404         0      1.44        10       512     0.949     0.939      0.98     0.944     0.851     0.304         0
   231/499     7.28G      0.97     0.402         0      1.37        10       512     0.956      0.94     0.981     0.948      0.82     0.299         0
   232/499     7.28G         1     0.448         0      1.45        14       512      0.95     0.948     0.981     0.949     0.842     0.299         0
   233/499     7.28G      0.99     0.403         0      1.39         8       512     0.951     0.943      0.98     0.947     0.852     0.296         0
   234/499     7.28G     0.965     0.372         0      1.34         8       512     0.955     0.933     0.979     0.944     0.827     0.298         0
   235/499     7.28G     0.913     0.356         0      1.27         5       512     0.952     0.941      0.98     0.947     0.827     0.297         0
   236/499     7.28G     0.935     0.357         0      1.29         4       512     0.938     0.947      0.98     0.942     0.837     0.292         0
   237/499     7.28G     0.964     0.408         0      1.37         8       512     0.947     0.947     0.982     0.947     0.788     0.283         0
   238/499     7.28G     0.952     0.385         0      1.34        19       512     0.936     0.948     0.979     0.942      0.81     0.283         0
   239/499     7.28G     0.915      0.38         0      1.29         4       512     0.946     0.942     0.974     0.944     0.807     0.287         0
   240/499     7.28G     0.967     0.429         0       1.4        20       512     0.945     0.947     0.976     0.946     0.821     0.297         0
   241/499     7.28G     0.932     0.387         0      1.32         5       512     0.953     0.941     0.981     0.947     0.807     0.309         0
   242/499     7.28G      0.98     0.362         0      1.34        22       512     0.943     0.947     0.976     0.945     0.836     0.315         0
   243/499     7.28G     0.916     0.388         0       1.3        11       512      0.93     0.952     0.981     0.941      0.78     0.303         0
   244/499     7.28G     0.904     0.408         0      1.31         8       512     0.924     0.952      0.98     0.938     0.778     0.286         0
   245/499     7.28G     0.957     0.373         0      1.33         8       512     0.938     0.951     0.981     0.945       0.8      0.28         0
   246/499     7.28G     0.998     0.414         0      1.41        43       512     0.938     0.948     0.982     0.943     0.821     0.289         0
   247/499     7.28G     0.878     0.398         0      1.28         3       512     0.927     0.952     0.981     0.939     0.812     0.292         0
   248/499     7.28G      0.92     0.383         0       1.3         5       512     0.937      0.95     0.979     0.944     0.819     0.298         0
   249/499     7.28G     0.923     0.398         0      1.32         7       512     0.931     0.953      0.98     0.942     0.793     0.302         0
   250/499     7.28G     0.909     0.397         0      1.31        16       512     0.927     0.958     0.979     0.942     0.787     0.313         0
   251/499     7.28G     0.902     0.399         0       1.3        15       512     0.923     0.961     0.981     0.941     0.783     0.317         0
   252/499     7.28G     0.891     0.386         0      1.28        12       512     0.923     0.956     0.982     0.939     0.795     0.323         0
   253/499     7.28G      0.89     0.396         0      1.29        17       512      0.95     0.941     0.981     0.946     0.782     0.327         0
   254/499     7.28G     0.874     0.405         0      1.28         4       512      0.94     0.953     0.978     0.947     0.763     0.323         0
   255/499     7.28G     0.955     0.383         0      1.34        13       512     0.932     0.961      0.98     0.946     0.784     0.313         0
   256/499     7.28G      1.09     0.615         0      1.71         6       512     0.973     0.189     0.425     0.317      3.13      3.95         0
   257/499     7.28G      1.18      0.58         0      1.76         9       512     0.864     0.654     0.781     0.744      1.73      1.19         0
   258/499     7.28G       1.2     0.569         0      1.77        15       512     0.836     0.847     0.888     0.841      1.35      0.72         0
   259/499     7.28G      1.11       0.5         0      1.61         8       512     0.848      0.82     0.886     0.834      1.28     0.659         0
   260/499     7.28G       1.1     0.541         0      1.65         6       512     0.858     0.794      0.88     0.825      1.32     0.726         0
   261/499     7.28G      1.07     0.449         0      1.52        24       512     0.868     0.882     0.926     0.875      1.13     0.487         0
   262/499     7.28G      1.02     0.491         0      1.51         8       512      0.86     0.924      0.95     0.891      1.03     0.425         0
   263/499     7.28G      1.01     0.448         0      1.46        13       512     0.903     0.934     0.961     0.918     0.942     0.387         0
   264/499     7.28G      1.04     0.445         0      1.48        16       512     0.928     0.938     0.965     0.933      0.91     0.369         0
   265/499     7.28G     0.996     0.465         0      1.46        19       512     0.921     0.945     0.965     0.933     0.876     0.358         0
   266/499     7.28G     0.942     0.423         0      1.37         9       512     0.915     0.944     0.964     0.929     0.861     0.345         0
   267/499     7.28G     0.937     0.411         0      1.35        13       512     0.898     0.951     0.964     0.924     0.854     0.343         0
   268/499     7.28G     0.921     0.409         0      1.33         9       512     0.912     0.943     0.967     0.927     0.819     0.326         0
   269/499     7.28G     0.927     0.433         0      1.36        19       512     0.916     0.952     0.969     0.934     0.795     0.314         0
   270/499     7.28G     0.927     0.454         0      1.38        12       512     0.922     0.958     0.973      0.94     0.786     0.315         0
   271/499     7.28G     0.863     0.386         0      1.25        10       512     0.921     0.946     0.972     0.934     0.817     0.318         0
   272/499     7.28G     0.915     0.383         0       1.3         9       512     0.911     0.951     0.972     0.931     0.841     0.307         0
   273/499     7.28G     0.912     0.392         0       1.3         9       512     0.915     0.947      0.97      0.93     0.806     0.307         0
   274/499     7.28G     0.876     0.429         0       1.3        42       512     0.904     0.951     0.969     0.926     0.829     0.313         0
   275/499     7.28G     0.895     0.409         0       1.3        13       512     0.874     0.962      0.97     0.916     0.794     0.315         0
   276/499     7.28G     0.884     0.393         0      1.28        12       512     0.886     0.957     0.969      0.92      0.78     0.316         0
   277/499     7.28G      0.88      0.37         0      1.25         7       512     0.891     0.951     0.971      0.92     0.763     0.314         0
   278/499     7.28G     0.886     0.419         0       1.3         5       512     0.911     0.941     0.971     0.926     0.781     0.315         0
   279/499     7.28G     0.939     0.381         0      1.32         6       512     0.918     0.943     0.973      0.93     0.788     0.319         0
   280/499     7.28G     0.887     0.382         0      1.27        17       512     0.924     0.952     0.978     0.938     0.798     0.314         0
   281/499     7.28G     0.877     0.397         0      1.27         6       512     0.923     0.956     0.979     0.939     0.781     0.308         0
   282/499     7.28G     0.857     0.396         0      1.25         5       512     0.938     0.952     0.976     0.945     0.802     0.304         0
   283/499     7.28G     0.917     0.456         0      1.37        21       512     0.933     0.944     0.975     0.938     0.788     0.292         0
   284/499     7.28G     0.895     0.414         0      1.31        10       512     0.926      0.95     0.977     0.938     0.783     0.292         0
   285/499     7.28G     0.842     0.364         0      1.21         7       512     0.917     0.954     0.974     0.935     0.746     0.288         0
   286/499     7.28G     0.828     0.371         0       1.2        30       512     0.914     0.947     0.973      0.93      0.78     0.297         0
   287/499     7.28G     0.854     0.347         0       1.2         4       512      0.91     0.951     0.975      0.93     0.753     0.288         0
   288/499     7.28G     0.841      0.37         0      1.21         6       512     0.923     0.951     0.978     0.937     0.769     0.287         0
   289/499     7.28G     0.825     0.358         0      1.18        16       512     0.934     0.946     0.976      0.94     0.754     0.287         0
   290/499     7.28G     0.818     0.427         0      1.25        12       512     0.934      0.94     0.976     0.937     0.737     0.282         0
   291/499     7.28G     0.816     0.359         0      1.17        14       512     0.931     0.947     0.975     0.939     0.744     0.284         0
   292/499     7.28G     0.813     0.342         0      1.15        21       512     0.933     0.953     0.979     0.943      0.74      0.28         0
   293/499     7.28G     0.816      0.37         0      1.19        15       512     0.942     0.951     0.977     0.946     0.741     0.281         0
   294/499     7.28G     0.824     0.339         0      1.16         6       512     0.941     0.947     0.978     0.944     0.724     0.286         0
   295/499     7.28G     0.813     0.354         0      1.17        23       512     0.945     0.948     0.979     0.946      0.71     0.288         0
   296/499     7.28G     0.813     0.355         0      1.17        17       512     0.944     0.945      0.98     0.944     0.744     0.299         0
   297/499     7.28G     0.824     0.357         0      1.18         8       512      0.95     0.941     0.977     0.946     0.768     0.308         0
   298/499     7.28G     0.769     0.354         0      1.12        10       512     0.944     0.944     0.974     0.944     0.755     0.302         0
   299/499     7.28G     0.766     0.358         0      1.12        10       512     0.932     0.943     0.974     0.937     0.723     0.298         0
   300/499     7.28G     0.769     0.328         0       1.1         7       512     0.938     0.938     0.971     0.938     0.769     0.299         0
   301/499     7.28G       0.8     0.313         0      1.11        13       512     0.933     0.949     0.978     0.941     0.718     0.283         0
   302/499     7.28G     0.763     0.345         0      1.11        35       512     0.932      0.96     0.981     0.945       0.7     0.282         0
   303/499     7.28G     0.756     0.346         0       1.1         7       512     0.936      0.96      0.98     0.947     0.719      0.29         0
   304/499     7.28G     0.772     0.376         0      1.15        31       512     0.948     0.955      0.98     0.951     0.739       0.3         0
   305/499     7.28G     0.757     0.342         0       1.1         6       512     0.944     0.957     0.979      0.95     0.708     0.285         0
   306/499     7.28G     0.761      0.32         0      1.08         8       512     0.935     0.957     0.978     0.946     0.707      0.29         0
   307/499     7.28G      0.77     0.344         0      1.11         4       512     0.934     0.958     0.978     0.946     0.707     0.294         0
   308/499     7.28G     0.785     0.308         0      1.09        17       512     0.938     0.948     0.977     0.943     0.691     0.304         0
   309/499     7.28G     0.755     0.335         0      1.09        15       512     0.931     0.955     0.978     0.943     0.699     0.297         0
   310/499     7.28G     0.755     0.318         0      1.07         4       512     0.929     0.952     0.977      0.94     0.693     0.292         0
   311/499     7.28G     0.728     0.335         0      1.06         3       512      0.95     0.958     0.979     0.954     0.671     0.284         0
   312/499     7.28G     0.746     0.359         0      1.11        16       512     0.942     0.951     0.975     0.946     0.722     0.302         0
   313/499     7.28G     0.743     0.315         0      1.06         9       512     0.936      0.96     0.979     0.948      0.69     0.283         0
   314/499     7.28G     0.736     0.314         0      1.05        16       512     0.947     0.957     0.981     0.952     0.682     0.273         0
   315/499     7.28G     0.743     0.321         0      1.06         8       512     0.952     0.954     0.981     0.953      0.69     0.275         0
   316/499     7.28G     0.736     0.308         0      1.04         4       512     0.946     0.956     0.979     0.951     0.675     0.268         0
   317/499     7.28G     0.722     0.339         0      1.06        12       512     0.947     0.961     0.981     0.954     0.672     0.262         0
   318/499     7.28G     0.727     0.348         0      1.07        17       512     0.951      0.96     0.982     0.955     0.679     0.259         0
   319/499     7.28G     0.731      0.31         0      1.04        10       512     0.952     0.951     0.983     0.951     0.689     0.261         0
   320/499     7.28G     0.682     0.349         0      1.03        15       512     0.948     0.947     0.981     0.947     0.695     0.271         0
   321/499     7.28G      0.74     0.378         0      1.12        13       512     0.951     0.958     0.982     0.955     0.688     0.273         0
   322/499     7.28G     0.742     0.329         0      1.07        14       512     0.947     0.962     0.982     0.954     0.668     0.283         0
   323/499     7.28G     0.726     0.314         0      1.04         4       512     0.952      0.96     0.983     0.956     0.677     0.284         0
   324/499     7.28G     0.776     0.354         0      1.13         6       512     0.959     0.958     0.981     0.959     0.755     0.301         0
   325/499     7.28G     0.707     0.324         0      1.03         9       512      0.96     0.959      0.98     0.959     0.686     0.298         0
   326/499     7.28G     0.697     0.296         0     0.993         4       512     0.957     0.964      0.98     0.961     0.679     0.299         0
   327/499     7.28G     0.711     0.296         0      1.01         6       512     0.948     0.967     0.981     0.958     0.672      0.29         0
   328/499     7.28G      0.68     0.313         0     0.993        13       512      0.95     0.967     0.984     0.959     0.667      0.28         0
   329/499     7.28G     0.701     0.323         0      1.02         7       512     0.957     0.965     0.982     0.961     0.673     0.276         0
   330/499     7.28G     0.699     0.298         0     0.997         7       512     0.953     0.962     0.982     0.958     0.664     0.271         0
   331/499     7.28G     0.716     0.326         0      1.04         5       512     0.954      0.96     0.983     0.957     0.677     0.274         0
   332/499     7.28G     0.759      0.31         0      1.07        11       512     0.959      0.96     0.984      0.96     0.684     0.274         0
   333/499     7.28G       0.7     0.321         0      1.02         6       512     0.957      0.96     0.983     0.958     0.658     0.272         0
   334/499     7.28G     0.735     0.316         0      1.05         9       512     0.953     0.962     0.984     0.958     0.659     0.268         0
   335/499     7.28G     0.675     0.305         0      0.98         9       512     0.951     0.965     0.984     0.958     0.657     0.269         0
   336/499     7.28G     0.686     0.327         0      1.01        18       512     0.959     0.965     0.984     0.962     0.657     0.259         0
   337/499     7.28G      0.68     0.308         0     0.989         7       512     0.956     0.961     0.983     0.958     0.663     0.254         0
   338/499     7.28G     0.677     0.302         0     0.979         8       512     0.959     0.957     0.982     0.958     0.659     0.255         0
   339/499     7.28G     0.713     0.321         0      1.03         6       512     0.959     0.961     0.983      0.96     0.651     0.245         0
   340/499     7.28G     0.689     0.298         0     0.986        12       512     0.951     0.961     0.983     0.956     0.677     0.252         0
   341/499     7.28G     0.683     0.285         0     0.968        26       512     0.954     0.961      0.98     0.957      0.67     0.255         0
   342/499     7.28G     0.663     0.279         0     0.941        26       512     0.952     0.961     0.982     0.957     0.663     0.254         0
   343/499     7.28G     0.657      0.28         0     0.936        13       512     0.951     0.962     0.983     0.957     0.643      0.25         0
   344/499     7.28G     0.664     0.308         0     0.972        13       512     0.948     0.965     0.985     0.956     0.648     0.247         0
   345/499     7.28G     0.681       0.3         0     0.981         5       512      0.95     0.966     0.983     0.958     0.648     0.245         0
   346/499     7.28G     0.658     0.288         0     0.947         5       512     0.949     0.969     0.983     0.959     0.641     0.247         0
   347/499     7.28G     0.645       0.3         0     0.945        11       512     0.952     0.973     0.983     0.962     0.632     0.246         0
   348/499     7.28G     0.625      0.29         0     0.915         8       512     0.957      0.97     0.984     0.963     0.643     0.245         0
   349/499     7.28G     0.657     0.281         0     0.937        10       512     0.963     0.953     0.983     0.958      0.64     0.245         0
   350/499     7.28G     0.655      0.29         0     0.945        13       512     0.965     0.954     0.983      0.96     0.621     0.242         0
   351/499     7.28G     0.663     0.301         0     0.964        18       512     0.957     0.956     0.983     0.956     0.624      0.24         0
   352/499     7.28G     0.645     0.277         0     0.922         5       512     0.953     0.965     0.983     0.959     0.642     0.246         0
   353/499     7.28G     0.652     0.279         0     0.931        13       512      0.95     0.962     0.984     0.956     0.639     0.247         0
   354/499     7.28G     0.632     0.285         0     0.917        27       512     0.952     0.964     0.985     0.957     0.649     0.251         0
   355/499     7.28G     0.633     0.307         0      0.94         9       512     0.952     0.962     0.986     0.957     0.666     0.259         0
   356/499     7.28G      0.63     0.296         0     0.926         9       512     0.956     0.967     0.986     0.962     0.627     0.237         0
   357/499     7.28G     0.633     0.324         0     0.957         8       512     0.947     0.969     0.985     0.958     0.634     0.236         0
   358/499     7.28G     0.658     0.271         0     0.929         7       512     0.937     0.965     0.984     0.951     0.651     0.244         0
   359/499     7.28G     0.654     0.326         0     0.979        11       512      0.95     0.964     0.984     0.957     0.641      0.24         0
   360/499     7.28G     0.629     0.289         0     0.918        10       512     0.957     0.962     0.984      0.96     0.623      0.23         0
   361/499     7.28G     0.615     0.302         0     0.916         7       512     0.958     0.966     0.985     0.962     0.612      0.23         0
   362/499     7.28G     0.616      0.28         0     0.896        16       512     0.959     0.965     0.986     0.962     0.617     0.232         0
   363/499     7.28G     0.605     0.302         0     0.907        10       512     0.954      0.97     0.986     0.962      0.62     0.237         0
   364/499     7.28G     0.625     0.317         0     0.942        11       512     0.946     0.966     0.986     0.956     0.615     0.239         0
   365/499     7.28G     0.659     0.374         0      1.03        19       512     0.951     0.966     0.986     0.958     0.607      0.24         0
   366/499     7.28G     0.622     0.301         0     0.923        10       512     0.956     0.958     0.982     0.957     0.609     0.246         0
   367/499     7.28G     0.637     0.275         0     0.912         9       512     0.953     0.961     0.983     0.957     0.608     0.256         0
   368/499     7.28G      0.62     0.295         0     0.915        15       512     0.952     0.965     0.984     0.958     0.615     0.253         0
   369/499     7.28G     0.647     0.258         0     0.905         6       512     0.953     0.965     0.984     0.959     0.603     0.243         0
   370/499     7.28G     0.619     0.281         0     0.901         8       512     0.956     0.964     0.984      0.96     0.615     0.241         0
   371/499     7.28G     0.618     0.274         0     0.892         6       512     0.965     0.965     0.985     0.965      0.61     0.243         0
   372/499     7.28G     0.587     0.298         0     0.885         8       512     0.964     0.967     0.985     0.966     0.606     0.245         0
   373/499     7.28G     0.584      0.27         0     0.854         9       512     0.966     0.966     0.985     0.966     0.606     0.244         0
   374/499     7.28G     0.605     0.273         0     0.878        17       512     0.956     0.967     0.986     0.962     0.609     0.239         0
   375/499     7.28G     0.582     0.279         0     0.861         2       512     0.952     0.969     0.986      0.96     0.605     0.232         0
   376/499     7.28G     0.584     0.303         0     0.886         7       512     0.949     0.971     0.985      0.96     0.597     0.227         0
   377/499     7.28G     0.588     0.267         0     0.854         4       512     0.958     0.971     0.984     0.964     0.605     0.226         0
   378/499     7.28G     0.624      0.29         0     0.914         5       512     0.965     0.967     0.985     0.966     0.611     0.224         0
   379/499     7.28G      0.59     0.288         0     0.878        16       512     0.966     0.966     0.985     0.966     0.591      0.22         0
   380/499     7.28G     0.581     0.272         0     0.853        17       512     0.961     0.967     0.984     0.964     0.589     0.224         0
   381/499     7.28G     0.572     0.262         0     0.833        27       512     0.961     0.967     0.984     0.964     0.587     0.228         0
   382/499     7.28G     0.572     0.249         0     0.821         4       512     0.962     0.967     0.985     0.965      0.58      0.23         0
   383/499     7.28G     0.577     0.294         0     0.872        14       512     0.957      0.97     0.985     0.964     0.583      0.23         0
   384/499     7.28G     0.569     0.244         0     0.813         5       512     0.962      0.97     0.986     0.966     0.586     0.237         0
   385/499     7.28G     0.583     0.254         0     0.836         7       512     0.963     0.966     0.986     0.965     0.602      0.24         0
   386/499     7.28G     0.586     0.293         0      0.88         3       512     0.969      0.97     0.987     0.969      0.59     0.234         0
   387/499     7.28G     0.572     0.239         0     0.811         8       512     0.964     0.973     0.987     0.968      0.59     0.238         0
   388/499     7.28G     0.568     0.264         0     0.832        16       512     0.961     0.971     0.986     0.966     0.592      0.24         0
   389/499     7.28G     0.576     0.224         0       0.8        10       512     0.956     0.969     0.986     0.962     0.587     0.238         0
   390/499     7.28G     0.585     0.264         0     0.849        10       512     0.964     0.965     0.986     0.964     0.594     0.238         0
   391/499     7.28G     0.561     0.271         0     0.833        11       512     0.968     0.965     0.985     0.966     0.585     0.236         0
   392/499     7.28G       0.6     0.237         0     0.837         4       512     0.969     0.966     0.986     0.967     0.588     0.234         0
   393/499     7.28G     0.603     0.262         0     0.864        10       512     0.971     0.969     0.986      0.97      0.58     0.233         0
   394/499     7.28G     0.576     0.294         0     0.871        12       512     0.968     0.967     0.986     0.968     0.577     0.235         0
   395/499     7.28G     0.575     0.252         0     0.827         9       512     0.957      0.97     0.986     0.964      0.59     0.238         0
   396/499     7.28G     0.561     0.278         0     0.839        18       512      0.96     0.964     0.985     0.962     0.587     0.231         0
   397/499     7.28G     0.581     0.263         0     0.844        18       512     0.962     0.962     0.986     0.962     0.572     0.226         0
   398/499     7.28G     0.552     0.334         0     0.886        13       512     0.963     0.962     0.986     0.963     0.577     0.222         0
   399/499     7.28G     0.597     0.277         0     0.873        13       512     0.961     0.966     0.986     0.964     0.583      0.22         0
   400/499     7.28G     0.554     0.264         0     0.819        25       512     0.965     0.969     0.986     0.967     0.576     0.216         0
   401/499     7.28G     0.547     0.253         0     0.799        18       512     0.961     0.967     0.987     0.964      0.57      0.21         0
   402/499     7.28G     0.527     0.247         0     0.773         4       512     0.957     0.968     0.987     0.963     0.574     0.208         0
   403/499     7.28G     0.562     0.241         0     0.803        13       512     0.965     0.966     0.987     0.966     0.578     0.207         0
   404/499     7.28G     0.543     0.243         0     0.786         4       512     0.969     0.966     0.987     0.967      0.58     0.207         0
   405/499     7.28G     0.531     0.263         0     0.794         9       512     0.961     0.972     0.987     0.967      0.57     0.211         0
   406/499     7.28G     0.563     0.237         0       0.8        16       512     0.957     0.973     0.986     0.965     0.565     0.213         0
   407/499     7.28G     0.556     0.248         0     0.803        14       512     0.957     0.973     0.986     0.965     0.573     0.215         0
   408/499     7.28G     0.519     0.257         0     0.776         4       512     0.959     0.971     0.987     0.965     0.568     0.211         0
   409/499     7.28G     0.539     0.241         0      0.78        20       512     0.953     0.973     0.987     0.963     0.567     0.212         0
   410/499     7.28G     0.539     0.214         0     0.753         7       512     0.953     0.969     0.987     0.961     0.568     0.212         0
   411/499     7.28G     0.522      0.24         0     0.762         9       512     0.955     0.968     0.987     0.961     0.564     0.209         0
   412/499     7.28G     0.525     0.227         0     0.751        20       512     0.957     0.965     0.986     0.961     0.567     0.209         0
   413/499     7.28G      0.56      0.25         0      0.81        13       512     0.958     0.965     0.986     0.962     0.564      0.21         0
   414/499     7.28G     0.534     0.223         0     0.757        23       512     0.963     0.964     0.986     0.963      0.56      0.21         0
   415/499     7.28G     0.533     0.229         0     0.763         9       512     0.965     0.964     0.986     0.964     0.567     0.212         0
   416/499     7.28G     0.583     0.266         0     0.848        16       512     0.967     0.964     0.986     0.965     0.577     0.214         0
   417/499     7.28G     0.557     0.258         0     0.814         7       512     0.969     0.965     0.986     0.967      0.56     0.214         0
   418/499     7.28G     0.549     0.266         0     0.814        13       512      0.97     0.965     0.986     0.968     0.561     0.215         0
   419/499     7.28G     0.546      0.23         0     0.776         5       512     0.968     0.964     0.986     0.966     0.571     0.214         0
   420/499     7.28G     0.527     0.259         0     0.787        11       512     0.965     0.961     0.985     0.963     0.565     0.211         0
   421/499     7.28G     0.536     0.273         0     0.808        14       512      0.96     0.962     0.985     0.961      0.56     0.211         0
   422/499     7.28G     0.562     0.219         0     0.781         7       512     0.944     0.969     0.981     0.956     0.558     0.211         0
   423/499     7.28G     0.515     0.232         0     0.747         3       512     0.953     0.968     0.984      0.96     0.552     0.208         0
   424/499     7.28G     0.519     0.256         0     0.775         9       512      0.96     0.967     0.985     0.964     0.549     0.206         0
   425/499     7.28G     0.548     0.247         0     0.795         8       512     0.961      0.97     0.986     0.966     0.557     0.206         0
   426/499     7.28G     0.514     0.281         0     0.795         8       512     0.965      0.97     0.985     0.967     0.561     0.208         0
   427/499     7.28G     0.529     0.245         0     0.774        17       512     0.965     0.972     0.985     0.968      0.56      0.21         0
   428/499     7.28G      0.53      0.32         0      0.85        12       512     0.964     0.969     0.985     0.966     0.559     0.211         0
   429/499     7.28G     0.536     0.238         0     0.774         3       512      0.96     0.967     0.985     0.964      0.56     0.214         0
   430/499     7.28G     0.517     0.244         0     0.761        19       512     0.964     0.965     0.986     0.964     0.559     0.213         0
   431/499     7.28G     0.495     0.239         0     0.735         3       512     0.966     0.967     0.985     0.967     0.555     0.212         0
   432/499     7.28G     0.515     0.234         0     0.749         8       512     0.962     0.969     0.986     0.965     0.557     0.211         0
   433/499     7.28G     0.527     0.221         0     0.749         3       512      0.96     0.969     0.986     0.964     0.561     0.212         0
   434/499     7.28G     0.543     0.273         0     0.816         9       512     0.958     0.969     0.986     0.963     0.556     0.209         0
   435/499     7.28G     0.567     0.245         0     0.812        12       512     0.961      0.97     0.986     0.965     0.562     0.209         0
   436/499     7.28G     0.516     0.232         0     0.747        31       512     0.967     0.967     0.986     0.967     0.565      0.21         0
   437/499     7.28G     0.537     0.291         0     0.828        13       512     0.966      0.97     0.986     0.968     0.559     0.207         0
   438/499     7.28G     0.531     0.228         0     0.759         7       512     0.969     0.967     0.986     0.968     0.557     0.204         0
   439/499     7.28G     0.566     0.244         0      0.81         9       512     0.971      0.97     0.986     0.971     0.554     0.204         0
   440/499     7.28G     0.531     0.265         0     0.796         9       512     0.968     0.971     0.986      0.97     0.555     0.204         0
   441/499     7.28G     0.523     0.241         0     0.764         4       512     0.965     0.973     0.986     0.969     0.549     0.202         0
   442/499     7.28G     0.505      0.27         0     0.775        18       512     0.963     0.973     0.986     0.968     0.552     0.203         0
   443/499     7.28G     0.535     0.252         0     0.786        13       512     0.965     0.969     0.986     0.967     0.559     0.204         0
   444/499     7.28G     0.511     0.221         0     0.733         6       512     0.964      0.97     0.986     0.967      0.55     0.202         0
   445/499     7.28G     0.488     0.234         0     0.722        12       512     0.963     0.969     0.986     0.966     0.555     0.204         0
   446/499     7.28G     0.532     0.247         0      0.78        21       512      0.96     0.969     0.986     0.964     0.549     0.205         0
   447/499     7.28G     0.503     0.293         0     0.796        37       512     0.962     0.971     0.986     0.967     0.551     0.208         0
   448/499     7.28G     0.535      0.25         0     0.785        13       512     0.959     0.967     0.985     0.963     0.564     0.211         0
   449/499     7.28G     0.531     0.237         0     0.768         4       512      0.96     0.969     0.985     0.965     0.555     0.212         0
   450/499     7.28G     0.508     0.301         0     0.808        23       512     0.964     0.969     0.986     0.966     0.546     0.208         0
   451/499     7.28G      0.52     0.209         0     0.729         7       512     0.962     0.969     0.986     0.965     0.547     0.206         0
   452/499     7.28G     0.505     0.239         0     0.744        12       512     0.959     0.969     0.986     0.964     0.543     0.202         0
   453/499     7.28G     0.502     0.249         0     0.751        10       512      0.96     0.969     0.986     0.964     0.543     0.201         0
   454/499     7.28G     0.551     0.284         0     0.835        36       512     0.962     0.967     0.986     0.964     0.547       0.2         0
   455/499     7.28G     0.519     0.248         0     0.767        12       512     0.964     0.966     0.986     0.965     0.547     0.199         0
   456/499     7.28G     0.516     0.248         0     0.764        17       512     0.965     0.968     0.986     0.966     0.545     0.196         0
   457/499     7.28G     0.531     0.236         0     0.767        15       512     0.965     0.967     0.987     0.966     0.543     0.197         0
   458/499     7.28G     0.517     0.222         0     0.739        14       512     0.968     0.971     0.987     0.969     0.541     0.197         0
   459/499     7.28G     0.511     0.234         0     0.745         3       512     0.965     0.971     0.987     0.968     0.542     0.199         0
   460/499     7.28G     0.559     0.221         0      0.78         4       512     0.964     0.969     0.987     0.967      0.55       0.2         0
   461/499     7.28G     0.511     0.252         0     0.763        12       512     0.969      0.97     0.987     0.969     0.545     0.198         0
   462/499     7.28G     0.491     0.212         0     0.703         5       512     0.966      0.97     0.987     0.968     0.541     0.197         0
   463/499     7.28G       0.5     0.222         0     0.723         7       512     0.967     0.971     0.986     0.969     0.541     0.197         0
   464/499     7.28G      0.52     0.236         0     0.756         4       512     0.967     0.971     0.986     0.969     0.538     0.197         0
   465/499     7.28G     0.477     0.248         0     0.726        20       512     0.964      0.97     0.986     0.967     0.542     0.196         0
   466/499     7.28G     0.491     0.214         0     0.706         8       512     0.961     0.969     0.986     0.965     0.541     0.196         0
   467/499     7.28G     0.496      0.24         0     0.736        18       512     0.962     0.967     0.986     0.965     0.544     0.196         0
   468/499     7.28G     0.491     0.241         0     0.732         5       512     0.961     0.968     0.986     0.965     0.544     0.197         0
   469/499     7.28G     0.487     0.241         0     0.728        16       512      0.96     0.969     0.986     0.964     0.544     0.199         0
   470/499     7.28G     0.501      0.24         0     0.741        26       512     0.964     0.967     0.986     0.966     0.539     0.198         0
   471/499     7.28G     0.496      0.25         0     0.747         8       512     0.972     0.969     0.986      0.97     0.537     0.197         0
   472/499     7.28G     0.492     0.227         0     0.718        12       512     0.968      0.97     0.986     0.969     0.535     0.196         0
   473/499     7.28G     0.517     0.226         0     0.744        14       512     0.968      0.97     0.986     0.969     0.539     0.197         0
   474/499     7.28G     0.487     0.229         0     0.716         6       512     0.966     0.971     0.986     0.969     0.533     0.196         0
   475/499     7.28G     0.487     0.243         0      0.73        29       512     0.963     0.971     0.986     0.967      0.53     0.196         0
   476/499     7.28G     0.509     0.237         0     0.745         8       512     0.967     0.971     0.986     0.969     0.534     0.196         0
   477/499     7.28G     0.488     0.238         0     0.726        16       512     0.969     0.971     0.986      0.97      0.53     0.195         0
   478/499     7.28G     0.497     0.231         0     0.728         8       512     0.969      0.97     0.987     0.969     0.531     0.194         0
   479/499     7.28G      0.48     0.218         0     0.698        11       512     0.971      0.97     0.987      0.97     0.536     0.195         0
   480/499     7.28G     0.488     0.261         0     0.749         7       512     0.971     0.972     0.986     0.972     0.536     0.195         0
   481/499     7.28G     0.484     0.255         0      0.74        21       512      0.97     0.971     0.986     0.971      0.54     0.196         0
   482/499     7.28G     0.471     0.222         0     0.693        12       512     0.971      0.97     0.986     0.971     0.539     0.195         0
   483/499     7.28G     0.483     0.201         0     0.685         8       512     0.969      0.97     0.986      0.97     0.539     0.195         0
   484/499     7.28G     0.505     0.211         0     0.716         5       512     0.968      0.97     0.986     0.969     0.538     0.196         0
   485/499     7.28G     0.497     0.251         0     0.748        10       512     0.968      0.97     0.986     0.969     0.541     0.198         0
   486/499     7.28G      0.49     0.216         0     0.707        11       512     0.969     0.969     0.986     0.969     0.539     0.197         0
   487/499     7.28G     0.519     0.249         0     0.768        21       512     0.972      0.97     0.986     0.971     0.539     0.198         0
   488/499     7.28G     0.488     0.227         0     0.714         5       512      0.97      0.97     0.986      0.97     0.531     0.196         0
   489/499     7.28G     0.482     0.223         0     0.705         4       512     0.964     0.969     0.985     0.967     0.525     0.195         0
   490/499     7.28G     0.489     0.239         0     0.728        11       512     0.966     0.971     0.986     0.969     0.527     0.194         0
   491/499     7.28G     0.489     0.221         0      0.71        21       512     0.966     0.971     0.986     0.969     0.529     0.195         0
   492/499     7.28G     0.522     0.213         0     0.735         8       512     0.964      0.97     0.986     0.967     0.532     0.196         0
   493/499     7.28G     0.475     0.218         0     0.693        13       512     0.961     0.967     0.985     0.964      0.53     0.196         0
   494/499     7.28G      0.47     0.234         0     0.704         8       512     0.963     0.969     0.985     0.966     0.528     0.194         0
   495/499     7.28G      0.51     0.225         0     0.735         9       512     0.963     0.969     0.985     0.966     0.529     0.196         0
   496/499     7.28G     0.483     0.232         0     0.716        14       512     0.964     0.969     0.986     0.966     0.533     0.199         0
   497/499     7.28G     0.489     0.233         0     0.722        14       512     0.965     0.969     0.985     0.967     0.535     0.201         0
   498/499     7.28G     0.479     0.217         0     0.696        23       512     0.963     0.967     0.985     0.965     0.529     0.201         0
   499/499     7.28G     0.491     0.221         0     0.712        29       512     0.964     0.967     0.985     0.966     0.525     0.199         0
